I	F	T
616924	486.99	246
218748	513.54	466
470359	496.62	530
348126	500.29	510
721452	472.53	450
182508	516.11	794
645688	526.15	734
951725	522.58	910
860849	510.64	686
68669	563.91	570
158328	504.83	354
160277	501.55	470
377381	537.66	542	
543556	518.34	518
18277	549.02	570
878319	569.77	718
469023	488.16	606
254559	453.63	482
647916	511.52	530
114858	540.19	810
468315	496.81	274
374854	510.61	466
385782	511.15	506
265799	487.83	398
912111	522.88	598
693056	533.94	546
368088	528.56	482
469899	505.29	566
654487	505.07	502
484892	536.47	606
260577	509.8	814
38399	519.82	522
843419	524.51	662
196846	545.92	562
811619	506.44	398
857184	515.17	474
252103	524.15	646
410021	505.22	574
313594	512.9	474
41505	496.66	434
769421	484.8	514
958813	514.91	578
560006	485.48	590
208562	505.92	394
796144	455.92	458
587017	495.23	454
401387	492.2	514
361395	491.69	494
42947	506.77	798
860187	529.9	542
594825	530.61	610
241829	539.94	534
370371	533.43	454
350992	527.59	654
434849	505.41	710
219680	521.27	566
235062	440.35	454
983230	553.69	618
678539	522.85	670
769765	543.15	690
512518	516.76	522
881760	493.88	530
714430	500.96	518
31940	492.04	490
78784	540.59	758
909866	530.61	666
91317	488.0	474
125264	503.58	546
415821	499.06	306
390350	523.24	666
800283	524.33	782
97826	574.8	654
221292	507.93	362
765211	539.5	518
582609	497.87	290
450605	508.81	558
440638	489.17	422
473237	523.55	694
166436	520.23	446
754169	549.15	662
344541	511.42	478
801608	480.97	374
954344	482.91	318
120318	546.11	478
686165	532.56	614
625291	531.47	642
467644	553.75	670
531720	468.67	470
894596	470.64	326
18793	509.06	534
301699	493.6	534
20801	535.53	582
345967	512.38	410
728240	508.34	466
985822	514.15	614
204506	427.05	370
790605	448.17	334
259435	474.54	414
964923	497.19	406
991052	500.57	346
321690	545.05	686
405255	489.26	442
155447	530.66	622
388325	520.26	566
138445	497.1	566
309260	497.17	354
171630	507.38	490
697390	524.09	562
813524	488.55	430
934215	482.07	438
45854	504.56	566
44121	510.39	274
706935	524.64	726
72421	559.67	510
882418	501.16	366
243769	527.67	558
866265	537.63	518
570513	487.52	478
928103	478.75	334
811604	519.7	498
179546	436.8	318
969058	465.64	458
617816	491.16	502
334838	472.03	370
784184	500.05	558
388566	535.33	678
702812	534.73	578
912143	536.58	646
992553	445.81	506
511395	493.46	338
678830	489.78	430
399926	523.5	578
652959	494.55	574
947829	527.25	682
744173	530.07	586
681116	569.41	746
852876	542.62	498
965007	439.91	438
148104	519.15	630
941960	531.63	658
232713	497.44	438
413119	527.04	706
929353	535.33	646
546787	537.02	698
922934	451.53	494
905172	519.67	526
472954	537.97	498
947818	518.7	818
13944	531.06	626
719634	476.76	414
10564	523.34	574
757268	521.23	674
296091	486.89	306
367712	526.02	550
998645	532.52	686
438074	482.52	426
853992	549.34	562
521809	509.27	290
555742	494.85	426
884203	528.05	502
130097	466.87	526
277483	541.01	626
155679	532.03	514
394880	533.11	610
34901	523.46	642
105741	553.45	818
776057	508.79	514
328552	488.19	438
715310	508.25	498
916179	496.89	322
655365	511.21	466
274168	503.69	562
574271	473.98	330
943218	537.58	590
642348	497.04	302
542827	498.6	502
647253	489.7	410
861414	476.56	490
241465	527.79	550
406524	487.99	186
363823	487.95	310
346354	521.04	598
954694	511.04	630
690235	532.42	522
98002	514.23	526
782375	550.41	518
23352	540.95	586
93526	496.28	466
532699	458.91	462
619779	536.73	670
80291	524.95	622
714227	471.7	354
444209	495.31	370
2903	523.69	478
700686	493.81	242
247445	485.16	482
240465	523.37	606
186944	486.98	394
419325	525.97	618
192984	514.82	526
800187	525.01	490
60551	554.12	570
284877	462.09	486
965333	477.04	330
787389	521.56	530
705057	523.25	506
190462	524.87	558
627353	488.89	386
352095	479.55	446
714386	517.18	626
318426	459.53	394
99947	535.88	678
598387	542.87	630
347040	493.52	422
759646	517.46	538
49240	509.22	618
10392	492.3	174
235417	455.85	394
628285	509.65	546
718705	505.08	490
115266	506.32	478
57106	513.64	622
918112	500.12	366
442287	489.43	474
605632	449.85	390
523936	455.02	438
120365	509.61	342
492279	480.59	362
198964	522.45	566
944113	514.03	590
321335	472.24	322
292211	530.48	806
734088	534.35	690
327753	487.14	502
865172	523.2	658
667771	519.24	726
126552	492.01	398
999236	537.36	558
761	499.24	626
38140	482.38	330
817675	526.26	658
726553	538.34	666
753869	529.7	654
833196	524.26	594
51939	539.74	574
156151	508.73	326
826322	496.46	182
874490	489.94	382
850126	482.99	414
378201	550.94	586
498253	534.37	650
628625	524.25	518
687714	518.96	774
90304	556.26	578
765125	467.51	390
386590	550.53	562
91074	483.92	550
282180	471.07	398
408632	515.69	566
500027	493.91	414
18349	478.98	494
87468	500.67	354
920232	552.18	622
529402	509.06	806
22853	482.55	282
650830	549.6	694
855045	478.43	394
983934	494.33	322
552667	489.74	382
750095	514.77	758
342200	480.86	362
761451	525.29	570
567866	461.32	314
894462	494.11	346
219687	506.26	522
880502	551.53	546
978680	508.84	650
605009	509.75	266
643213	482.47	346
674617	533.48	594
216538	522.51	578
113225	483.99	418
344254	547.59	654
197041	533.04	610
72417	478.66	286
861556	452.5	314
996603	468.09	350
253233	504.15	446
881624	540.98	606
149936	488.68	474
358332	511.88	526
224124	503.59	490
916299	523.5	594
720858	504.66	478
150274	546.84	634
571188	523.73	526
966209	532.62	626
210768	469.19	418
934448	461.27	294
498733	478.02	462
946505	468.39	358
587429	522.49	574
878687	535.28	626
386134	501.54	442
906593	500.83	450
133374	534.19	782
316336	527.85	594
220702	472.71	406
973387	532.26	538
901689	540.97	498
581212	515.98	622
931071	479.98	438
876394	498.61	498
649531	478.49	334
380786	543.5	610
814867	492.45	306
986777	528.56	710
90915	516.24	666
219603	506.06	638
49466	495.79	326
350045	460.46	414
300074	515.74	702
752390	544.07	674
880995	480.41	510
217332	474.28	342
ID	FCC	TIME
817383	458.62	478
368341	508.82	446
976348	514.23	458
736518	519.65	554
721652	505.5	674
368047	492.76	426
443374	537.81	726
87541	549.64	594
834165	534.6	498
951259	511.11	430
14669	564.85	674
706890	469.14	430
96876	514.06	302
469375	504.84	398
504711	473.43	498
973289	488.4	630
146666	523.93	870
529282	443.07	366
455207	514.82	802
157650	515.86	534
426066	485.38	270
772647	489.26	582
263121	482.88	518
267550	504.12	410
234208	502.1	418
344125	514.5	510
455942	506.73	382
50049	465.22	398
276240	491.95	362
521510	456.76	398
331519	497.92	258
971922	439.45	394
744520	556.05	846
506776	492.51	450
727644	530.52	458
420989	561.29	586
159289	532.78	726
289603	539.9	506
286420	452.91	438
946140	522.73	550
657824	522.78	678
935059	480.67	462
951012	536.83	698
862193	481.56	486
533318	548.76	654
34250	539.02	774
665960	510.42	774
415653	533.15	542
335509	521.47	518
612379	486.75	298
686671	540.05	650
817303	502.94	282
727251	507.78	478
527096	488.89	334
588723	527.26	546
402738	449.4	314
416114	471.28	442
233722	480.88	498
677271	463.93	426
477763	552.16	522
675170	553.67	594
261649	491.97	534
547794	509.13	434
527144	505.03	702
274730	488.85	270
178423	525.95	490
142623	460.86	446
194934	511.34	474
305232	496.21	338
896762	501.69	446
762631	484.58	454
483697	546.96	554
602470	443.19	402
256942	527.38	562
867655	537.98	578
373181	512.65	810
91134	517.09	486
801266	522.1	526
832493	533.1	626
217209	531.8	526
469998	513.32	658
65274	467.73	454
221406	506.66	722
288289	448.83	442
181002	524.28	166
939405	590.83	554
880796	471.97	326
710562	483.59	302
61	520.84	490
416778	546.71	530
720712	467.88	450
224515	542.03	638
29009	456.17	402
976290	485.24	386
612220	484.43	382
786421	523.35	558
382377	527.85	518
824394	498.28	302
523271	546.77	730
498220	524.57	574
709377	515.6	598
653947	484.13	450
933206	532.22	590
725209	484.18	506
63262	520.66	734
801727	492.94	442
372838	534.89	526
384145	516.68	718
31320	518.26	802
50548	532.98	666
305503	518.45	790
428843	492.37	478
939215	493.41	506
284171	492.09	366
212351	517.75	678
123030	490.56	254
126336	552.3	746
745246	493.91	426
640241	534.62	634
929054	483.92	490
283795	519.89	706
3024	498.14	442
402991	483.14	450
482385	523.02	754
127581	467.15	242
869102	490.19	454
841886	519.9	522
701381	525.74	526
966994	506.16	570
640867	521.69	706
890679	532.85	478
492061	504.12	414
420784	521.4	478
651864	466.7	454
100103	526.24	606
932975	508.71	330
984466	484.39	434
596826	495.89	238
342770	524.08	618
946343	490.33	242
749308	534.22	742
429587	513.21	326
443489	519.15	542
735050	494.43	542
216848	499.94	414
93336	490.3	518
909140	492.93	550
906723	497.04	502
378041	544.72	502
427984	513.76	542
506737	523.97	530
228326	510.21	358
397995	526.76	606
365124	535.65	570
474691	547.83	630
317999	503.41	466
342666	508.59	506
696079	511.29	250
362935	502.56	322
236100	529.99	694
879626	482.06	442
43308	550.01	626
276090	493.39	478
800215	479.76	486
737306	477.94	454
2669	483.58	342
387107	523.23	562
324984	529.6	658
485129	513.92	490
790122	524.84	682
853641	502.14	554
824768	477.7	398
82347	544.46	610
551681	521.34	674
336436	530.21	554
160437	488.19	498
889984	488.9	462
715273	534.86	594
163510	543.98	654
244766	486.31	434
538965	504.03	450
505225	492.09	430
417306	534.89	546
555285	488.86	410
769830	557.47	570
127398	478.19	450
110123	516.16	690
554522	530.56	602
971067	559.07	754
877017	536.63	654
792967	499.09	518
128288	517.53	454
424637	537.33	666
39534	541.22	570
677523	519.56	714
409152	523.4	674
908331	475.2	426
766015	516.82	546
567801	531.14	594
349360	515.9	730
689673	487.42	486
931654	481.15	414
589752	489.57	562
838376	534.09	566
82308	542.72	534
201262	525.86	702
88048	539.88	626
832043	507.99	382
947230	453.03	334
153387	497.9	362
680223	562.24	678
867511	507.43	582
643959	532.33	502
189679	515.01	682
437188	454.19	358
897178	506.11	642
554489	553.56	598
719205	517.63	634
20577	502.94	490
714009	498.65	370
260217	470.0	474
379526	513.97	570
119442	518.14	486
718466	533.09	614
772594	514.33	574
880438	554.78	574
312432	513.62	646
712388	454.5	330
46332	480.17	478
973015	456.64	454
72229	483.77	306
977233	511.16	478
221232	453.92	518
151347	508.68	570
892239	519.71	686
505011	472.06	430
319211	503.23	566
418830	482.56	522
737737	487.14	498
905705	505.4	470
957422	531.67	482
318868	476.84	210
551672	488.26	486
188122	475.75	542
907969	546.29	634
236522	489.32	546
876222	464.07	342
280153	480.92	498
407354	507.07	522
685308	504.87	490
314555	496.47	470
193338	520.87	686
873058	529.32	654
960798	513.13	486
715083	483.96	298
776755	478.69	458
824060	486.96	378
463891	494.64	506
535769	548.03	442
262147	509.16	550
199390	509.11	362
608551	506.46	278
463873	513.03	498
900944	510.33	454
282932	476.0	514
549934	507.85	534
176274	530.12	594
989800	530.37	574
29280	483.19	402
187253	490.98	542
342868	493.6	534
629825	515.46	522
300533	519.6	830
160873	543.17	618
40069	527.26	542
34536	498.05	258
734152	494.8	490
974034	534.2	486
804829	515.83	386
208603	523.22	638
738281	542.38	606
671550	569.68	614
600815	538.41	522
996732	523.27	694
29804	537.09	578
694591	529.27	610
517909	537.09	534
262414	487.55	538
731875	490.94	470
768449	487.36	386
827809	491.87	442
417307	499.17	574
186770	557.76	650
163872	501.43	390
603354	503.93	490
409913	478.71	350
381784	489.73	434
686317	514.27	542
497951	494.02	514
413281	493.98	426
676885	478.47	430
183360	461.55	238
566932	497.3	550
859234	500.2	450
247228	501.94	546
63632	518.24	754
124520	501.52	470
321443	492.89	434
149046	504.85	490
665471	477.7	514
224869	505.64	486
916466	431.53	374
305231	518.31	574
37097	524.17	750
698663	431.04	406
651447	516.52	442
150784	510.38	278
274405	489.49	502
427880	532.48	466
835192	481.43	402
161099	474.91	514
594123	505.21	382
872775	513.33	630
758142	511.03	370
492448	503.53	450
988105	532.77	510
681474	502.81	490
146625	531.32	722
711019	484.78	354
108905	481.05	394
347869	542.44	678
125195	475.9	422
114629	529.75	574
362768	451.85	286
202011	543.46	642
538353	495.08	446
155443	488.61	374
87410	511.35	454
531235	478.79	346
158057	504.46	498
773120	486.21	454
765156	503.62	270
805008	455.75	414
528752	489.5	518
177609	526.96	498
317530	541.2	590
960123	487.22	170
315735	495.31	278
913922	513.08	666
693704	457.81	414
416842	541.43	706
367452	520.06	710
251379	524.9	518
878844	532.44	662
477085	526.88	714
661685	498.06	466
261034	548.28	538
807442	493.87	374
322951	500.08	270
53310	506.26	574
333929	522.2	722
34883	453.86	350
618129	506.76	486
633340	507.11	290
219883	525.96	706
33944	535.91	626
941781	470.17	426
8194	440.86	446
678971	480.25	370
715845	550.11	734
514208	540.55	438
712587	490.82	426
965977	472.78	366
374682	497.72	418
776801	549.36	662
71153	518.55	650
952973	501.49	650
518496	522.62	698
438666	522.82	582
161000	474.13	510
142405	508.36	462
137193	552.94	694
204580	465.72	482
842966	493.04	470
414343	533.62	562
639421	502.37	562
73163	544.61	566
528074	518.64	326
987759	521.65	642
270100	441.14	406
290773	497.6	506
501004	469.9	410
467240	465.26	222
894082	528.19	570
106090	458.91	414
191959	527.14	566
146570	558.58	634
851498	531.6	562
94987	515.45	526
862151	529.04	606
28626	492.05	390
248222	471.77	442
438253	529.7	702
678847	540.03	630
387408	532.48	630
977743	522.49	574
71628	499.35	698
488282	519.4	610
43497	503.42	670
339385	511.26	826
807614	540.62	498
348864	476.97	362
458731	505.1	498
252834	485.4	458
791961	492.75	442
668213	498.51	518
273732	498.05	510
944354	536.24	678
999793	511.57	730
151135	500.3	538
586137	532.55	586
12752	499.19	578
112556	532.96	650
980333	517.91	506
469981	487.32	466
883937	513.3	574
135943	468.88	462
975022	502.19	226
352923	519.23	522
385936	508.14	418
737657	504.32	446
963056	498.49	186
838684	473.72	394
166724	464.5	274
384319	497.74	510
116513	555.48	598
453519	505.6	398
622472	487.09	466
763008	485.13	462
488681	510.03	758
933256	515.22	650
14551	481.48	406
792079	537.51	510
78450	469.13	386
457402	529.2	446
318144	493.3	626
505004	450.76	362
480429	483.84	426
851892	519.17	630
63595	515.51	490
652370	502.01	582
825208	534.27	586
53746	484.68	546
18523	450.98	410
781255	512.58	490
302154	538.99	650
535417	527.39	534
268578	554.18	614
389814	460.22	454
789304	519.06	530
5909	534.0	506
892855	510.26	842
462915	510.89	246
746274	483.05	502
837566	478.58	294
119084	524.63	650
359257	516.13	550
536092	538.83	770
100124	485.15	314
447326	538.32	582
602537	536.68	578
638143	517.43	594
766768	488.03	426
200048	510.07	398
477407	535.68	666
256733	501.2	418
776625	490.18	430
637015	537.54	634
192322	527.74	698
249523	502.4	718
220503	498.26	610
626899	481.29	302
874597	459.32	386
604225	475.32	362
149110	501.14	610
12113	466.05	446
609124	499.5	422
419347	486.26	442
887187	536.98	746
36275	482.76	430
298006	531.35	558
812103	550.43	666
415911	509.07	538
135894	528.49	702
659646	540.62	626
164025	549.38	458
152526	511.06	622
575635	523.28	570
202547	495.62	406
11615	461.3	358
966174	517.45	626
821427	480.62	470
602804	477.24	418
953026	548.95	570
258181	479.92	330
398524	551.91	682
417246	535.69	686
717340	441.44	294
112973	573.75	634
264129	493.68	374
911736	510.78	530
892668	533.77	618
444134	465.68	558
155624	530.73	730
469164	466.01	438
902671	483.99	502
927204	531.27	582
16075	529.19	702
105745	521.86	602
682579	511.71	298
206860	512.3	462
535862	528.66	550
583665	496.6	530
272941	536.26	610
180039	458.88	234
806204	523.16	570
117658	486.53	454
248046	541.59	634
648653	464.0	318
386316	521.43	610
100127	567.33	666
28805	531.12	586
544696	511.62	590
47331	527.92	550
325178	545.69	578
13171	475.48	470
843379	503.06	586
29998	524.79	562
721931	501.05	470
805040	482.22	518
653353	512.49	650
388100	473.35	422
490031	531.11	526
319973	506.05	538
343706	549.49	586
767025	496.89	494
913048	498.84	566
655596	498.17	474
938330	507.95	606
290835	465.56	438
638246	469.7	366
973113	536.64	654
433569	462.27	454
625320	497.86	462
521705	516.25	326
379883	491.45	438
17677	496.67	314
596309	495.58	418
853954	487.75	498
903898	479.57	434
357523	458.39	418
645942	492.38	338
731914	529.88	570
733941	570.99	746
924710	484.3	202
839015	510.44	646
852050	558.5	594
487134	546.14	622
515839	483.26	426
92943	489.03	374
404676	517.17	498
760213	536.03	610
895764	498.88	522
182213	521.97	506
777535	496.44	490
582595	485.76	430
202866	497.95	446
172586	537.27	726
943160	548.47	618
102582	483.52	306
374125	533.88	594
319364	555.39	474
455050	443.34	246
515419	512.66	642
553735	513.09	542
220955	488.7	510
921181	478.02	430
931934	482.84	506
97301	472.31	410
97798	496.88	434
120260	510.5	522
409588	503.77	518
655615	527.57	654
127719	541.48	662
269131	508.83	626
415246	538.39	566
584290	532.03	742
594942	516.56	562
855705	521.56	702
926546	467.15	394
810023	521.43	558
181609	507.68	374
659454	476.63	314
929973	484.13	294
334831	516.57	674
680786	484.29	510
957353	501.72	538
839921	533.56	674
905078	463.92	430
32013	539.99	602
218634	529.42	578
130358	573.69	602
984767	516.71	586
700621	524.9	686
388599	533.41	598
85105	512.07	346
412310	510.64	834
28472	531.54	854
126164	464.28	322
643830	515.08	526
536472	484.59	414
855933	486.1	446
980157	497.03	562
440671	498.07	550
493631	526.33	666
987938	494.32	430
176316	499.53	270
554972	537.85	642
535320	476.7	554
686838	560.1	578
667167	518.98	506
554136	459.9	382
21632	502.58	406
500939	461.14	390
347538	511.89	458
756786	548.7	634
899767	467.13	406
95106	533.3	806
599582	527.36	570
241403	486.85	478
970773	494.37	306
976761	489.04	446
578517	512.0	442
601880	491.94	458
590438	442.42	374
380584	507.53	542
557845	520.83	662
477096	540.34	506
286867	516.05	694
698719	509.31	482
816597	556.93	630
636306	520.82	702
787953	492.49	446
58963	521.83	510
4819	536.05	618
751753	539.93	646
810930	520.68	434
167486	452.13	322
747684	534.4	570
507348	551.02	614
372795	478.5	370
425107	518.15	614
87828	487.45	346
807413	492.1	558
777645	484.23	494
21991	572.27	590
180478	556.55	678
166607	491.92	386
614354	498.07	498
259873	508.45	502
1120	524.88	602
910824	482.63	446
832818	512.95	622
666040	526.97	582
34497	516.25	582
